2.329	142.398
2.331	146.026
2.333	149.822
2.335	153.78
2.337	157.891
2.339	162.15
2.341	166.546
2.343	171.071
2.345	175.714
2.347	180.466
2.349	185.314
2.351	190.247
2.353	195.253
2.355	200.317
2.357	205.428
2.359	210.569
2.361	215.727
2.363	220.886
2.365	226.03
2.367	231.144
2.369	236.211
2.371	241.215
2.373	246.138
2.375	250.964
2.377	255.675
2.379	260.254
2.381	264.684
2.383	268.948
2.385	273.03
2.387	276.911
2.389	280.576
2.391	284.009
2.393	287.194
2.395	290.116
2.397	292.76
2.399	295.113
2.401	297.161
2.403	298.892
2.405	300.294
2.407	301.356
2.409	302.069
2.411	302.423
2.413	302.412
2.415	302.027
2.417	301.265
2.419	300.12
2.421	298.589
2.423	296.672
2.425	294.366
2.427	291.674
2.429	288.598
2.431	285.141
2.433	281.308
2.435	277.106
2.437	272.542
2.439	267.627
2.441	262.369
2.443	256.782
2.445	250.879
2.447	244.674
2.449	238.183
2.451	231.423
2.453	224.412
2.455	217.17
2.457	209.715
2.459	202.071
2.461	194.259
2.463	186.301
2.465	178.222
2.467	170.046
2.469	161.797
2.471	153.501
2.473	145.184
2.475	136.871
2.477	128.59
2.479	120.365
2.481	112.224
2.483	104.192
2.485	96.295
2.487	88.5591
2.489	81.0091
2.491	73.6696
2.493	66.5646
2.495	59.7172
2.497	53.15
2.499	46.8845
2.501	40.9412
2.503	35.3394
2.505	30.0976
2.507	25.2328
2.509	20.7607
2.511	16.6957
2.513	13.0509
2.515	9.83773
2.517	7.06625
2.519	4.74489
2.521	2.88052
2.523	1.4784
2.525	0.542169
2.527	0.0738164
2.529	0.0736985
2.531	0.540529
2.533	1.47139
2.535	2.86176
2.537	4.70553
2.539	6.99501
2.541	9.72103
2.543	12.8729
2.545	16.4385
2.547	20.4045
2.549	24.7559
2.551	29.4768
2.553	34.55
2.555	39.9571
2.557	45.6788
2.559	51.6947
2.561	57.9837
2.563	64.5239
2.565	71.2925
2.567	78.2665
2.569	85.4219
2.571	92.7347
2.573	100.18
2.575	107.734
2.577	115.372
2.579	123.067
2.581	130.797
2.583	138.536
2.585	146.26
2.587	153.944
2.589	161.566
2.591	169.102
2.593	176.53
2.595	183.827
2.597	190.973
2.599	197.948
2.601	204.732
2.603	211.306
2.605	217.654
2.607	223.758
2.609	229.603
2.611	235.175
2.613	240.46
2.615	245.447
2.617	250.124
2.619	254.482
2.621	258.513
2.623	262.209
2.625	265.565
2.627	268.575
2.629	271.235
2.631	273.545
2.633	275.502
2.635	277.106
2.637	278.359
2.639	279.264
2.641	279.822
2.643	280.04
2.645	279.922
2.647	279.474
2.649	278.705
2.651	277.622
2.653	276.235
2.655	274.553
2.657	272.587
2.659	270.347
2.661	267.847
2.663	265.097
2.665	262.112
2.667	258.904
2.669	255.487
2.671	251.874
2.673	248.081
2.675	244.122
2.677	240.011
2.679	235.762
2.681	231.392
2.683	226.914
2.685	222.343
2.687	217.694
2.689	212.981
2.691	208.22
2.693	203.422
2.695	198.604
2.697	193.777
2.699	188.956
2.701	184.153
2.703	179.38
2.705	174.65
2.707	169.973
2.709	165.361
2.711	160.824
2.713	156.372
2.715	152.014
2.717	147.76
2.719	143.617
2.721	139.594
2.723	135.697
2.725	131.932
2.727	128.307
2.328	140.649
2.33	144.191
2.332	147.904
2.334	151.781
2.336	155.817
2.338	160.003
2.34	164.331
2.342	168.793
2.344	173.378
2.346	178.077
2.348	182.878
2.35	187.771
2.352	192.742
2.354	197.779
2.356	202.868
2.358	207.995
2.36	213.147
2.362	218.307
2.364	223.461
2.366	228.592
2.368	233.685
2.37	238.722
2.372	243.688
2.374	248.564
2.376	253.335
2.378	257.982
2.38	262.489
2.382	266.838
2.384	271.013
2.386	274.996
2.388	278.771
2.39	282.323
2.392	285.633
2.394	288.689
2.396	291.474
2.398	293.974
2.4	296.176
2.402	298.067
2.404	299.635
2.406	300.868
2.408	301.757
2.41	302.291
2.412	302.464
2.414	302.266
2.416	301.694
2.418	300.74
2.42	299.403
2.422	297.679
2.424	295.567
2.426	293.069
2.428	290.184
2.43	286.917
2.432	283.271
2.434	279.252
2.436	274.869
2.438	270.128
2.44	265.04
2.442	259.616
2.444	253.87
2.446	247.814
2.448	241.463
2.45	234.836
2.452	227.948
2.454	220.819
2.456	213.468
2.458	205.916
2.46	198.185
2.462	190.297
2.464	182.275
2.466	174.144
2.468	165.929
2.47	157.653
2.472	149.344
2.474	141.026
2.476	132.725
2.478	124.469
2.48	116.282
2.482	108.192
2.484	100.225
2.486	92.4054
2.488	84.7593
2.49	77.3115
2.492	70.0863
2.494	63.1073
2.496	56.3973
2.498	49.9783
2.5	43.8713
2.502	38.0964
2.504	32.6724
2.506	27.617
2.508	22.9467
2.51	18.6764
2.512	14.82
2.514	11.3897
2.516	8.39622
2.518	5.84884
2.52	3.75521
2.522	2.12141
2.524	0.951886
2.526	0.249447
2.528	0.0152702
2.53	0.24889
2.532	0.948203
2.534	2.10949
2.536	3.72742
2.538	5.79509
2.54	8.30409
2.542	11.2445
2.544	14.6048
2.546	18.3724
2.548	22.533
2.55	27.0713
2.552	31.9705
2.554	37.213
2.556	42.7799
2.558	48.6513
2.56	54.8064
2.562	61.2238
2.564	67.8811
2.566	74.7553
2.568	81.823
2.57	89.0601
2.572	96.4425
2.574	103.945
2.576	111.544
2.578	119.214
2.58	126.93
2.582	134.667
2.584	142.401
2.586	150.108
2.588	157.764
2.59	165.346
2.592	172.831
2.594	180.196
2.596	187.42
2.598	194.483
2.6	201.365
2.602	208.046
2.604	214.51
2.606	220.737
2.608	226.714
2.61	232.424
2.612	237.854
2.614	242.991
2.616	247.825
2.618	252.344
2.62	256.539
2.622	260.404
2.624	263.93
2.626	267.113
2.628	269.949
2.63	272.434
2.632	274.567
2.634	276.348
2.636	277.777
2.638	278.855
2.64	279.586
2.642	279.973
2.644	280.022
2.646	279.739
2.648	279.13
2.65	278.203
2.652	276.966
2.654	275.43
2.656	273.605
2.658	271.5
2.66	269.129
2.662	266.502
2.664	263.633
2.666	260.535
2.668	257.221
2.67	253.704
2.672	250
2.674	246.122
2.676	242.084
2.678	237.903
2.68	233.591
2.682	229.165
2.684	224.639
2.686	220.027
2.688	215.345
2.69	210.606
2.692	205.825
2.694	201.015
2.696	196.191
2.698	191.365
2.7	186.552
2.702	181.762
2.704	177.009
2.706	172.304
2.708	167.658
2.71	163.082
2.712	158.586
2.714	154.181
2.716	149.874
2.718	145.674
2.72	141.59
2.722	137.629
2.724	133.798
2.726	130.102
2.728	126.548
